0.7685136916
0.4387401420
0.3671040288
0.4701770679
0.4597172475
0.4090662627
0.4050146665
0.4018742954
0.6810817636
0.6894970877
0.6141225715
0.5812509132
0.5638049807
0.5956335088
0.6040264740
0.5835524462
0.7683008509
0.6088990996
0.5380061017
0.7292717210
0.5168127837
0.6272360808
0.5878813032
0.5980202993
0.5165373496
0.4457614176
0.6335015439
0.5918187965
0.7005450368
0.6705545890
0.7265893863
0.8500622937
0.9550813988
0.9133651308
0.6587656969
0.7659125064
0.7603003473
0.7491779648
0.6832110283
0.7751561313
0.6796424435
0.7033497295
0.5588770796
0.7182267672
0.5983912023
0.7405991653
0.7165047830
0.7700178028
0.3021801012
2.4239611272
