1.6999271901
1.9508985174
1.6215120211
1.4621635228
1.3628697100
1.2474363707
1.5611575375
1.1704733058
1.2821429334
1.2194928597
1.1326269195
0.9370396426
0.9701565664
0.9431451389
0.8561723332
0.8712904274
0.6545807090
1.0008348848
0.6064069791
0.6456423773
0.7781610770
0.6738451052
0.7103832830
0.4564925512
0.5773373322
0.4504613051
0.5426797769
0.4762854393
0.4553278228
0.3759704799
0.3812908599
0.4263387603
0.3949076424
0.4479716330
0.3797174185
0.3211307607
0.4129760418
0.3424033301
0.3795978366
0.3706821308
0.3340578623
0.4055725031
0.4448700332
0.3855626747
0.3706748625
0.4389944955
0.5367227803
0.5099239348
0.2243099921
1.8270094811
