0.5128226587
0.4750608045
0.3563367223
0.3422545932
0.3604204465
0.2984718293
0.2741144645
0.2833261445
0.2642340866
0.2733681388
0.2802104492
0.2977843497
0.2798577125
0.2919056093
0.2880334932
0.3017581426
0.3111986871
0.3044893492
0.2871494901
0.2604181697
0.2572460337
0.2521145181
0.2448859244
0.2548751159
0.2541871963
0.2508840280
0.2563281739
0.2675711004
0.2693018189
0.2396667750
0.2423193085
0.2377826132
0.2294175830
0.2075015754
0.2013680099
0.2201245305
0.2114309157
0.2243306001
0.2031879778
0.2200724195
0.2336436599
0.2368382408
0.2704953669
0.2814333963
0.3354489035
0.3686338652
0.3565331748
0.3885950078
0.2007420531
0.9534367373
