0.7510761291
0.7894470616
0.5641056110
0.6661304249
0.7440594736
0.5974242037
0.7583297949
0.6145733828
0.5208402324
0.4131874740
0.4522269226
0.3417524833
0.3365530515
0.3294068682
0.3531880854
0.2917955838
0.3334617288
0.2950873495
0.3891045857
0.3660109802
0.3849788789
0.4504107372
0.5255484215
0.4798486188
0.5369540127
0.5509833607
0.5254790271
0.6143007472
0.5402433703
0.5417281508
0.7026888198
0.7770795179
0.6861143698
0.5980012103
0.6084408638
0.6460849262
0.5817974606
0.6209516631
0.7428770834
0.7685468974
0.8261673088
0.7948405647
0.9333373472
1.1865898831
1.1579184585
1.3413124371
1.1005407902
1.1128211410
0.6299780934
2.0144199756
